
%
%   Model of the train
%   Copyright Hamid D. Taghirad 2013
%
function xp=train_fb(t,x)
%   State variable x=[x1 x2 x3 x4 x5 v1 v2 v3 v4 v5];
A=[0    0   0   0   0    1      0      0   0   0
   0    0   0   0   0    1     -1      0   0   0
   0    0   0   0   0    0      1     -1   0   0
   0    0   0   0   0    0      0      1  -1   0
   0    0   0   0   0    0      0      0   1  -1
   0 -12.5  0   0   0  -0.75   0.75    0   0   0
   0  62.5 -62.5 0  0   3.75  -7.5  3.75   0   0
   0  0 62.5 -62.5  0    0  3.75  -7.5  3.75   0 
   0  0  0 62.5 -62.5    0     0  3.75  -7.5  3.75
   0    0   0   0  62.5  0     0    0   3.75 -3.75
   ];
b1=[0;  0;  0;  0;  0; 0.005;   0;  0;  0;  0];     % Force input
b2=[0;  0;  0;  0;  0; 250;  0;  0;  0;  -1250];   % constant input

vd=25*(1-exp(-t/40));
% First design R=1/120^2
% k=[54.5333, 16.2848, -1.3027, -4.3607, 191.7414, ...
%     -40.4841, -34.2067, -29.7070, -27.3437,  52.0886];
% Second Design R=35/120^2
k=[0.4559, 0.3331, 0.2170, 0.1069, 11.5387, -0.2622, ...
   -0.3371, -0.3865, -0.4110, 5.3731];
dx=[x(2)-20; x(3)-20; x(4)-20; x(5)-20]; 
dv=[x(6)-vd; x(7)-vd; x(8)-vd; x(9)-vd; x(10)-vd];
z=x(6)-vd;
X=[dx;dv;z];
u=-k*X;
xp=A*x+b1*u+b2;
end


 